[s.ep12.s12_02]
m = 0.033267:0.000000,0.859100:1.000000
r = 0.000000:0.000000,1.000000:1.000000
g = 0.050880:0.000000,0.671233:0.545988,1.000000:1.000000
b = 0.258316:0.000000,0.947154:1.000000

[s.ep12.s12__03]
m = 0.000008:0.000000,0.999992:1.000000
r = 0.039139:0.000000,0.999992:0.982388
g = 0.095890:0.000000,0.999992:0.933464
b = 0.115460:0.000000,0.980431:1.000000

[s.ep12.study]
m = 0.000000:0.000000,0.667319:0.264187,0.741684:0.823875,1.000000:1.000000
r = 0.000000:0.000000,1.000000:1.000000
g = 0.000000:0.000000,1.000000:1.000000
b = 0.000000:0.000000,1.000000:1.000000

[s.ep12.toto]
m = 0.109588:0.000000,0.859100:1.000000
r = 0.023483:0.000000,0.949119:1.000000
g = 0.050880:0.000000,0.671233:0.545988,1.000000:1.000000
b = 0.250488:0.000000,0.962810:1.000000

