m=0.136987:0.000000;0.933464:1.000000
r=0.000000:0.000000;0.949119:1.000000
g=0.021527:0.000000;0.598825:0.542074;1.000000:1.000000
b=0.056751:0.000000;1.000000:1.000000
