m=0.109588:0.000000;0.859100:1.000000
r=0.023483:0.000000;0.949119:1.000000
g=0.050880:0.000000;0.671233:0.545988;1.000000:1.000000
b=0.258316:0.000000;0.947154:1.000000
