m=0.000000:0.000000;0.667319:0.264187;0.741684:0.823875;1.000000:1.000000
r=0.000000:0.000000;1.000000:1.000000
g=0.000000:0.000000;1.000000:1.000000
b=0.000000:0.000000;1.000000:1.000000
