m=0.068492:0.000000;0.710372:0.528376;0.999992:0.937377
r=0.048924:0.000000;0.999992:0.947162
g=0.072407:0.000000;0.999992:0.845401
b=0.086105:0.000000;0.769080:1.000000
