m=0.000008:0.001957;0.956948:1.000000
r=0.048924:0.000000;0.751468:0.594911;0.999992:0.947162
g=0.000000:0.000000;0.698630:0.518591;0.999992:0.945205
b=0.156555:0.000000;0.945205:1.000000
