m=0.125244:0.000000;0.984344:0.994129
r=0.000000:0.000000;1.000000:1.000000
g=0.021526:0.000000;1.000000:1.000000
b=0.029354:0.000000;1.000000:1.000000
