m=0.000000:0.000000;1.000000:1.000000
r=0.000008:0.000000;0.704501:0.747554;0.999992:0.958904
g=0.000008:0.000000;0.829746:0.585128;0.999992:0.859100
b=0.000008:0.000000;0.745597:0.661449;0.999992:1.000000
