m=0.000008:0.000000;1.000000:1.000000
r=0.064587:0.000000;0.729941:0.692759;0.999992:0.835616
g=0.000008:0.000000;0.790607:0.587084;0.999992:0.882583
b=0.066544:0.000000;0.604696:0.489236;0.921713:1.000000
