m=0.193744:0.000000;0.999992:0.841487
r=0.140908:0.000000;0.684932:0.538161;0.999992:0.829746
g=0.195702:0.000000;0.999992:0.808220
b=0.000008:0.000000;0.853220:1.000000
