m=0.000008:0.000000;1.000000:1.000000
r=0.099812:0.000000;0.716242:0.612525;0.999992:0.835616
g=0.000008:0.000000;0.784736:0.561644;0.999992:0.882583
b=0.136994:0.000000;0.604696:0.489236;0.921713:1.000000
