m=0.000008:0.000000;1.000000:1.000000
r=0.064587:0.000000;0.716242:0.612525;0.999992:0.835616
g=0.000008:0.000000;0.784736:0.561644;0.999992:0.882583
b=0.097855:0.000000;0.616438:0.477496;0.956938:1.000000
