m=0.000008:0.048923;0.794521:1.000000
r=0.111554:0.015656;0.999992:0.835616
g=0.048931:0.000000;0.784736:0.561644;0.999992:0.882583
b=0.136994:0.000000;0.600782:0.508805;0.921713:1.000000
