m=0.000000:0.000000;0.119374:0.467710;0.743640:0.534247;1.000000:1.000000
r=0.000000:0.000000;1.000000:1.000000
g=0.000000:0.000000;1.000000:1.000000
b=0.000000:0.000000;1.000000:1.000000
