m=0.000000:0.000000;0.254403:0.328767;0.835616:0.626223;1.000000:1.000000
r=0.000000:0.000000;1.000000:1.000000
g=0.000000:0.000000;1.000000:1.000000
b=0.000000:0.000000;1.000000:1.000000
