m=0.056751:0.000000;0.913886:1.000000
r=0.045010:0.000000;0.522505:0.414873;0.692760:0.530333;0.780822:0.665362;0.999992:0.880626
g=0.021534:0.000000;0.999992:0.964775
b=0.109589:0.000000;0.999992:1.000000
