m=0.031311:0.000000;0.855177:1.000000
r=0.031311:0.000000;0.999992:0.931507
g=0.000008:0.000000;0.999992:1.000000
b=0.052838:0.000000;0.966732:1.000000
