m=0.000008:0.000000;0.898230:1.000000
r=0.113503:0.000000;0.999992:0.880626
g=0.056759:0.000000;0.999992:0.933464
b=0.109589:0.000000;0.999992:1.000000
