m=0.056751:0.000000;0.913886:1.000000
r=0.045010:0.000000;0.999992:0.880626
g=0.021534:0.000000;0.999992:0.964775
b=0.109589:0.000000;0.999992:1.000000
