m=0.000000:0.000000;0.684931:0.336595;1.000000:1.000000
r=0.054795:0.000000;0.450098:0.724070;0.999992:0.835616
g=0.021526:0.000000;0.438356:0.583170;0.549902:0.455969;0.999992:0.892368
b=0.033268:0.000000;0.937378:0.992172
