m=0.000000:0.000000;0.624267:0.401174;1.000000:1.000000
r=0.000000:0.000000;1.000000:1.000000
g=0.000000:0.000000;0.718200:0.520548;1.000000:1.000000
b=0.000000:0.000000;0.434443:0.663405;1.000000:1.000000
