m=0.070451:0.000000;0.941292:1.000000
r=0.000008:0.015656;0.886497:1.000000
g=0.000008:0.023483;0.999992:0.949119
b=0.000008:0.000000;0.344423:0.604696;0.661448:1.000000
