m=0.045010:0.000000;1.000000:1.000000
r=0.041096:0.000000;1.000000:1.000000
g=0.000008:0.023483;0.999992:0.949119
b=0.000008:0.050881;0.661448:1.000000
