m=0.048931:0.000000;0.999992:0.958904
r=0.041096:0.000000;0.999992:1.000000
g=0.000008:0.027397;0.999992:0.947162
b=0.000008:0.031311;0.790606:1.000000
