m=0.000000:0.000000;0.999992:1.000000
r=0.041096:0.000000;0.999992:1.000000
g=0.000008:0.027397;0.999992:0.947162
b=0.000008:0.027397;0.790606:1.000000
