m=0.048924:0.000000;0.999992:0.890411
r=0.135029:0.000000;0.999992:1.000000
g=0.013707:0.000000;0.999992:0.921723
b=0.000008:0.021527;0.859099:1.000000
