m=0.091976:0.000000;0.999992:0.960861
r=0.093934:0.000000;0.999992:1.000000
g=0.000008:0.027397;0.999992:0.947162
b=0.000008:0.000000;0.808218:1.000000
