m=0.035233:0.000000;0.999992:0.954990
r=0.066536:0.000000;0.999992:1.000000
g=0.000008:0.027397;0.999992:0.947162
b=0.013707:0.000000;0.827787:1.000000
