m=0.045010:0.000000;0.999992:0.935421
r=0.041096:0.000000;0.999992:0.853228
g=0.000008:0.023483;0.999992:0.771038
b=0.000008:0.000000;0.878669:1.000000
