m=0.000000:0.000000;0.577299:0.363992;1.000000:1.000000
r=0.000000:0.000000;1.000000:1.000000
g=0.000000:0.000000;1.000000:1.000000
b=0.000000:0.000000;1.000000:1.000000
