m=0.000000:0.000000;0.581213:0.876713;1.000000:1.000000
r=0.000000:0.000000;1.000000:1.000000
g=0.000000:0.000000;1.000000:1.000000
b=0.000000:0.000000;0.432485:0.142857;1.000000:1.000000
