m=0.000000:0.000000;1.000000:1.000000
r=0.000000:0.000000;0.594912:0.679061;1.000000:1.000000
g=0.000000:0.000000;0.461839:0.246575;1.000000:1.000000
b=0.000000:0.000000;0.373777:0.827789;0.618395:0.258317;1.000000:1.000000
