m=0.000000:0.000000;1.000000:1.000000
r=0.000000:0.000000;1.000000:1.000000
g=0.000000:0.000000;0.115460:0.493151;0.771037:0.336595;1.000000:1.000000
b=0.000000:0.000000;1.000000:1.000000
