m=0.000000:0.000000;0.328768:0.330724;0.452055:0.749511;0.567515:0.078278;0.626223:0.393346;0.681018:0.816047;0.870841:0.091976;1.000000:1.000000
r=0.000000:0.000000;1.000000:1.000000
g=0.000000:0.000000;1.000000:1.000000
b=0.000000:0.000000;1.000000:1.000000
