[k.ep02.e02]
m=0.000000:0.000000;0.422701:0.647749;1.000000:1.000000
r=0.000000:0.000000;1.000000:1.000000
g=0.000000:0.000000;1.000000:1.000000
b=0.000000:0.000000;1.000000:1.000000

[k.ep02.e03]
m=0.000000:0.000000;0.422701:0.647749;1.000000:1.000000
r=0.000000:0.000000;0.596869:0.297456;1.000000:1.000000
g=0.000000:0.000000;1.000000:1.000000
b=0.000000:0.000000;1.000000:1.000000
