m=0.056759:0.000000;0.999992:0.902153
r=0.003922:0.000000;0.999992:1.000000
g=0.000008:0.000000;0.999992:0.960861
b=0.000008:0.037182;0.911938:1.000000
