m=0.043060:0.000000;0.992164:0.825831
r=0.000008:0.000000;0.999992:0.927592
g=0.000008:0.000000;0.999992:0.929550
b=0.000008:0.015656;0.911938:1.000000
