m=0.037189:0.000000;0.999992:0.810177
r=0.119381:0.001957;0.898230:1.000000
g=0.000008:0.000000;0.999992:0.915851
b=0.000008:0.007827;0.911938:1.000000
