m=0.043060:0.000000;0.992164:0.825831
r=0.000008:0.000000;0.999992:0.962819
g=0.017621:0.000000;0.999992:0.911937
b=0.000008:0.007827;0.911938:1.000000
