m=0.043060:0.000000;0.999992:0.810177
r=0.000008:0.000000;0.999992:0.956948
g=0.015663:0.000000;0.999992:0.911937
b=0.000008:0.000000;0.868885:1.000000
