m=0.076328:0.000000;0.992164:0.825831
r=0.037191:0.000000;0.999992:0.978475
g=0.000008:0.000000;0.999992:0.929550
b=0.000008:0.007827;0.911938:1.000000
