m=0.048931:0.000000;0.999992:0.839531
r=0.050889:0.000000;0.999992:0.978475
g=0.009793:0.000000;0.999992:0.927593
b=0.000008:0.007827;0.911938:1.000000
