m=0.076328:0.000000;0.999992:0.833660
r=0.056760:0.000000;0.999992:0.956946
g=0.000008:0.000000;0.999992:0.929550
b=0.000008:0.000000;0.911938:1.000000
