m=0.054802:0.000000;0.999992:0.855185
r=0.091986:0.000000;0.999992:0.978472
g=0.000008:0.000000;0.999992:0.953033
b=0.000008:0.000000;0.911938:1.000000
