m=0.068501:0.000000;0.999992:0.808220
r=0.080245:0.000000;0.999992:0.956949
g=0.031319:0.000000;0.999992:0.888454
b=0.000008:0.000000;0.833660:1.000000
