m=0.068501:0.000000;0.999992:0.808220
r=0.090029:0.001957;0.999992:0.951074
g=0.041104:0.011742;0.999992:0.892368
b=0.000008:0.000000;0.849316:1.000000
