m=0.068501:0.000000;0.999992:0.808220
r=0.109599:0.000000;0.999992:0.909982
g=0.050889:0.000000;0.999992:0.892368
b=0.000008:0.000000;0.849316:1.000000
