m=0.062630:0.000000;0.999992:0.800391
r=0.091986:0.000000;0.999992:0.954989
g=0.054803:0.000000;0.999992:0.874756
b=0.039147:0.000000;0.833660:1.000000
