m=0.000008:0.000000;0.999992:0.874757
r=0.111555:0.000000;0.999992:0.872797
g=0.054803:0.000000;0.999992:0.913894
b=0.000008:0.000000;0.933464:1.000000
