m=0.068501:0.000000;0.999992:0.808220
r=0.111556:0.000000;0.999992:0.890409
g=0.033277:0.000000;0.999992:0.851272
b=0.027405:0.000000;0.868885:1.000000
