m=0.003922:0.000000;0.999992:0.923678
r=0.111556:0.000000;0.999992:0.890409
g=0.097856:0.000000;0.999992:0.825831
b=0.000008:0.000000;0.833660:1.000000
