m=0.027405:0.000000;0.999992:0.808220
r=0.111556:0.000000;0.999992:0.890409
g=0.048932:0.000000;0.999992:0.841487
b=0.000008:0.000000;0.833660:1.000000
