m=0.000008:0.000000;0.999992:0.849314
r=0.111556:0.000000;0.999992:0.890409
g=0.033277:0.000000;0.999992:0.851272
b=0.000008:0.000000;0.833660:1.000000
