m=0.027405:0.000000;0.999992:0.808220
r=0.078288:0.000000;0.999992:0.896284
g=0.033277:0.000000;0.999992:0.851272
b=0.000008:0.000000;0.841488:1.000000
