m=0.039146:0.000000;0.999992:0.863013
r=0.027406:0.000000;0.999992:0.861055
g=0.000008:0.000000;0.999992:0.755382
b=0.000008:0.007827;0.868877:1.000000
