m=0.076328:0.000000;0.999992:0.870841
r=0.091986:0.000000;0.999992:0.978475
g=0.046975:0.000000;0.999992:0.802348
b=0.000008:0.000000;0.911938:1.000000
