m=0.000000:0.000000;0.594912:0.273972;1.000000:1.000000
r=0.000000:0.000000;0.463796:0.755382;1.000000:1.000000
g=0.000000:0.000000;0.080235:0.407045;1.000000:1.000000
b=0.000000:0.000000;1.000000:1.000000
