m=0.060665:0.000000;1.000000:1.000000
r=0.017613:0.000000;0.976517:1.000000
g=0.068493:0.000000;0.999992:0.868885
b=0.035225:0.000000;0.999992:1.000000
