m=0.005879:0.000000;0.727984:1.000000
r=0.097847:0.000000;0.999992:0.976517
g=0.039139:0.000000;0.999992:0.900195
b=0.000008:0.000000;0.999992:1.000000
