m=0.078286:0.000000;0.909980:0.996086
r=0.133072:0.000000;0.999992:0.939335
g=0.125244:0.000000;0.999992:0.927593
b=0.000008:0.000000;0.999992:1.000000
