m=0.000008:0.000000;0.763209:0.998043
r=0.115460:0.000000;0.988250:1.000000
g=0.039139:0.000000;0.999992:0.900195
b=0.076329:0.000000;0.999992:1.000000
