m=0.000000:0.000000;0.727985:0.250489;1.000000:1.000000
r=0.054795:0.000000;0.999992:0.835616
g=0.021526:0.000000;0.549902:0.455969;0.999992:0.892368
b=0.033268:0.000000;0.937378:0.992172
