[k.ep17.g_r04]
m = 0.056751:0.000000,0.913886:1.000000
r = 0.113503:0.000000,0.999992:0.880626
g = 0.050888:0.000000,0.999992:0.937378
b = 0.109589:0.000000,0.999992:1.000000

[k.ep17.00_00]
m = 0.035225:0.001957,0.949111:1.000000
r = 0.042791:0.000000,0.999992:0.902779
g = 0.048805:0.000000,0.999992:0.959645
b = 0.072735:0.000000,0.886817:1.000000

